 DDSCAT --- DDSCAT 7.3.3 [22.01.20]   
 TARGET --- Cyl.prism, NAT=   4100 NFAC=    164 NLAY=     25 asp.ratio= 1.7301
 GPFAFT --- method of solution 
 GKDLDR --- prescription for polarizabilities
 CYLINDER1 --- shape 
    4100 = NAT0 = number of dipoles
 Nb                                                          
   0.000   0.000 = beta_min, beta_max ;  NBETA = 1
  45.000  45.000 = theta_min, theta_max; NTHETA= 1
  30.000  30.000 = phi_min, phi_max   ;   NPHI = 1
 0.5000 = ETASCA (param. controlling # of scatt. dirs used to calculate <cos> etc.
 Results averaged over    1 target orientations
                   and  2 incident polarizations
   aeff       wave       Q_ext     Q_abs      Q_sca     g(1)=<cos>  <cos^2>    Q_bk       Nsca
 4.5000E-02 2.0000E-02 2.8196E+00 4.0849E-01 2.4111E+00  6.2023E-01 6.4978E-01 8.5093E-02  7977
 4.5000E-02 3.3220E-02 2.3842E+00 1.1921E+00 1.1921E+00  8.9595E-01 8.6464E-01 8.0585E-04  3627
 4.5000E-02 4.6441E-02 1.9011E+00 1.1504E+00 7.5073E-01  9.1774E-01 8.7394E-01 4.1612E-04  2192
 4.5000E-02 5.9661E-02 2.2233E+00 1.0782E+00 1.1451E+00  8.2398E-01 7.6916E-01 1.5538E-03  1561
 4.5000E-02 7.2881E-02 2.5896E+00 1.2245E+00 1.3651E+00  7.7069E-01 7.2083E-01 1.3752E-03  1245
 4.5000E-02 8.6102E-02 2.7820E+00 1.4243E+00 1.3578E+00  7.6275E-01 7.0835E-01 2.0585E-03  1029
 4.5000E-02 9.9322E-02 2.8018E+00 1.5182E+00 1.2836E+00  7.5172E-01 6.8590E-01 6.8373E-03   829
 4.5000E-02 1.1254E-01 2.8686E+00 1.5977E+00 1.2709E+00  7.2469E-01 6.5188E-01 4.6467E-03   771
 4.5000E-02 1.2576E-01 2.7746E+00 1.5995E+00 1.1751E+00  6.8488E-01 6.1313E-01 3.9504E-03   656
 4.5000E-02 1.3898E-01 3.0180E+00 1.6531E+00 1.3649E+00  6.2580E-01 5.7176E-01 9.2562E-03   602
 4.5000E-02 1.5220E-01 3.3385E+00 1.7231E+00 1.6154E+00  5.6702E-01 5.3479E-01 1.9295E-02   551
 4.5000E-02 1.6542E-01 3.5335E+00 1.7785E+00 1.7550E+00  5.1826E-01 5.0168E-01 2.6860E-02   552
 4.5000E-02 1.7864E-01 3.6520E+00 1.8460E+00 1.8060E+00  4.8547E-01 4.7447E-01 2.3480E-02   501
 4.5000E-02 1.9186E-01 3.8391E+00 1.9052E+00 1.9340E+00  4.5043E-01 4.4847E-01 1.8563E-02   501
 4.5000E-02 2.0508E-01 3.8979E+00 1.9115E+00 1.9864E+00  4.1683E-01 4.2433E-01 1.1170E-02   452
 4.5000E-02 2.1831E-01 3.7898E+00 1.8753E+00 1.9145E+00  3.8264E-01 4.0651E-01 1.0358E-02   453
 4.5000E-02 2.3153E-01 3.6142E+00 1.8520E+00 1.7621E+00  3.4951E-01 3.9700E-01 1.8047E-02   408
 4.5000E-02 2.4475E-01 3.4860E+00 1.8315E+00 1.6545E+00  3.1306E-01 3.9087E-01 3.0389E-02   408
 4.5000E-02 2.5797E-01 3.4063E+00 1.8243E+00 1.5820E+00  2.7827E-01 3.8690E-01 4.2977E-02   408
 4.5000E-02 2.7119E-01 3.3500E+00 1.7982E+00 1.5518E+00  2.4180E-01 3.8260E-01 5.5702E-02   363
 4.5000E-02 2.8441E-01 3.2981E+00 1.7726E+00 1.5255E+00  2.0906E-01 3.7898E-01 6.6837E-02   363
 4.5000E-02 2.9763E-01 3.2445E+00 1.7800E+00 1.4645E+00  1.8764E-01 3.7761E-01 7.2911E-02   363
 4.5000E-02 3.1085E-01 3.1821E+00 1.7964E+00 1.3857E+00  1.7252E-01 3.7695E-01 7.5120E-02   363
 4.5000E-02 3.2407E-01 3.1068E+00 1.8028E+00 1.3040E+00  1.5784E-01 3.7593E-01 7.5648E-02   363
 4.5000E-02 3.3729E-01 3.0252E+00 1.7989E+00 1.2263E+00  1.4358E-01 3.7483E-01 7.5369E-02   323
 4.5000E-02 3.5051E-01 2.9489E+00 1.7873E+00 1.1616E+00  1.2840E-01 3.7315E-01 7.5228E-02   323
 4.5000E-02 3.6373E-01 2.8765E+00 1.7712E+00 1.1053E+00  1.1423E-01 3.7143E-01 7.4857E-02   323
 4.5000E-02 3.7695E-01 2.8071E+00 1.7519E+00 1.0552E+00  1.0127E-01 3.6974E-01 7.4239E-02   323
 4.5000E-02 3.9017E-01 2.7390E+00 1.7304E+00 1.0086E+00  8.9636E-02 3.6817E-01 7.3293E-02   323
 4.5000E-02 4.0339E-01 2.6712E+00 1.7065E+00 9.6466E-01  7.9250E-02 3.6673E-01 7.2066E-02   323
 4.5000E-02 4.1661E-01 2.6003E+00 1.6796E+00 9.2074E-01  7.0251E-02 3.6554E-01 7.0440E-02   323
 4.5000E-02 4.2983E-01 2.5196E+00 1.6480E+00 8.7165E-01  6.3023E-02 3.6480E-01 6.8066E-02   324
 4.5000E-02 4.4305E-01 2.4312E+00 1.6113E+00 8.1989E-01  5.7069E-02 3.6457E-01 6.5208E-02   285
 4.5000E-02 4.5627E-01 2.3362E+00 1.5702E+00 7.6598E-01  5.2035E-02 3.6444E-01 6.1945E-02   285
 4.5000E-02 4.6949E-01 2.2354E+00 1.5250E+00 7.1031E-01  4.7893E-02 3.6456E-01 5.8327E-02   285
 4.5000E-02 4.8271E-01 2.1302E+00 1.4762E+00 6.5400E-01  4.4522E-02 3.6489E-01 5.4464E-02   285
 4.5000E-02 4.9593E-01 2.0232E+00 1.4248E+00 5.9835E-01  4.1797E-02 3.6538E-01 5.0479E-02   285
 4.5000E-02 5.0915E-01 1.9167E+00 1.3720E+00 5.4465E-01  3.9594E-02 3.6597E-01 4.6501E-02   285
 4.5000E-02 5.2237E-01 1.8126E+00 1.3188E+00 4.9381E-01  3.7823E-02 3.6665E-01 4.2628E-02   285
 4.5000E-02 5.3559E-01 1.7128E+00 1.2662E+00 4.4659E-01  3.6375E-02 3.6736E-01 3.8945E-02   285
 4.5000E-02 5.4881E-01 1.6201E+00 1.2163E+00 4.0382E-01  3.5064E-02 3.6804E-01 3.5550E-02   285
 4.5000E-02 5.6203E-01 1.5357E+00 1.1700E+00 3.6568E-01  3.3779E-02 3.6866E-01 3.2477E-02   285
 4.5000E-02 5.7525E-01 1.4596E+00 1.1277E+00 3.3189E-01  3.2473E-02 3.6921E-01 2.9722E-02   285
 4.5000E-02 5.8847E-01 1.3894E+00 1.0881E+00 3.0124E-01  3.1322E-02 3.6975E-01 2.7187E-02   285
 4.5000E-02 6.0169E-01 1.3253E+00 1.0513E+00 2.7397E-01  3.0197E-02 3.7025E-01 2.4907E-02   285
 4.5000E-02 6.1492E-01 1.2670E+00 1.0172E+00 2.4977E-01  2.9077E-02 3.7071E-01 2.2863E-02   285
 4.5000E-02 6.2814E-01 1.2142E+00 9.8590E-01 2.2829E-01  2.7955E-02 3.7111E-01 2.1032E-02   285
 4.5000E-02 6.4136E-01 1.1664E+00 9.5720E-01 2.0920E-01  2.6877E-02 3.7168E-01 1.9391E-02   248
 4.5000E-02 6.5458E-01 1.1232E+00 9.3103E-01 1.9222E-01  2.5751E-02 3.7200E-01 1.7920E-02   248
 4.5000E-02 6.6780E-01 1.0847E+00 9.0755E-01 1.7719E-01  2.4593E-02 3.7225E-01 1.6609E-02   248
 4.5000E-02 6.8102E-01 1.0540E+00 8.8932E-01 1.6472E-01  2.3128E-02 3.7234E-01 1.5518E-02   248
 4.5000E-02 6.9424E-01 1.0311E+00 8.7639E-01 1.5476E-01  2.1299E-02 3.7221E-01 1.4647E-02   248
 4.5000E-02 7.0746E-01 1.0071E+00 8.6201E-01 1.4511E-01  1.9790E-02 3.7215E-01 1.3792E-02   248
 4.5000E-02 7.2068E-01 9.8126E-01 8.4573E-01 1.3554E-01  1.8635E-02 3.7220E-01 1.2932E-02   248
 4.5000E-02 7.3390E-01 9.5793E-01 8.3081E-01 1.2712E-01  1.7436E-02 3.7219E-01 1.2173E-02   248
 4.5000E-02 7.4712E-01 9.3674E-01 8.1702E-01 1.1973E-01  1.6200E-02 3.7211E-01 1.1502E-02   248
 4.5000E-02 7.6034E-01 9.1731E-01 8.0409E-01 1.1322E-01  1.4935E-02 3.7196E-01 1.0908E-02   248
 4.5000E-02 7.7356E-01 8.9928E-01 7.9177E-01 1.0751E-01  1.3646E-02 3.7176E-01 1.0384E-02   248
 4.5000E-02 7.8678E-01 8.8783E-01 7.8355E-01 1.0429E-01  1.1719E-02 3.7112E-01 1.0088E-02   248
 4.5000E-02 8.0000E-01 8.7761E-01 7.7509E-01 1.0252E-01  9.5164E-03 3.7024E-01 9.9239E-03   248
