 DDSCAT --- DDSCAT 7.3.3 [22.01.20]   
 TARGET --- Cyl.prism, NAT=   4100 NFAC=    164 NLAY=     25 asp.ratio= 1.7301
 GPFAFT --- method of solution 
 GKDLDR --- prescription for polarizabilities
 CYLINDER1 --- shape 
    4100 = NAT0 = number of dipoles
 Nb                                                          
   0.000   0.000 = beta_min, beta_max ;  NBETA = 1
  45.000  45.000 = theta_min, theta_max; NTHETA= 1
  30.000  30.000 = phi_min, phi_max   ;   NPHI = 1
 0.5000 = ETASCA (param. controlling # of scatt. dirs used to calculate <cos> etc.
 Results averaged over    1 target orientations
                   and  2 incident polarizations
   aeff       wave       Q_ext     Q_abs      Q_sca     g(1)=<cos>  <cos^2>    Q_bk       Nsca
 4.5000E-02 2.0000E-02 2.4455E+00 1.3271E-01 2.3128E+00  5.9970E-01 5.8162E-01 3.6957E-02 17776
 4.5000E-02 3.3220E-02 2.3185E+00 8.8691E-01 1.4316E+00  8.6251E-01 8.2928E-01 4.6285E-04  7448
 4.5000E-02 4.6441E-02 2.2322E+00 7.0358E-01 1.5286E+00  8.4720E-01 7.9741E-01 7.1000E-04  4394
 4.5000E-02 5.9661E-02 2.3198E+00 6.9608E-01 1.6237E+00  7.8496E-01 7.3582E-01 7.6056E-04  3035
 4.5000E-02 7.2881E-02 2.3942E+00 8.6604E-01 1.5282E+00  7.8395E-01 7.3862E-01 2.7378E-03  2292
 4.5000E-02 8.6102E-02 2.3941E+00 1.0832E+00 1.3110E+00  8.1248E-01 7.6564E-01 1.0201E-03  1818
 4.5000E-02 9.9322E-02 2.3335E+00 1.1303E+00 1.2031E+00  8.1266E-01 7.5970E-01 1.8855E-03  1480
 4.5000E-02 1.1254E-01 2.3174E+00 1.1909E+00 1.1265E+00  8.0698E-01 7.4900E-01 6.9758E-04  1244
 4.5000E-02 1.2576E-01 2.2638E+00 1.1374E+00 1.1264E+00  7.8071E-01 7.1768E-01 7.9726E-04  1095
 4.5000E-02 1.3898E-01 2.4362E+00 1.1573E+00 1.2789E+00  7.4290E-01 6.8394E-01 3.5239E-03   961
 4.5000E-02 1.5220E-01 2.6405E+00 1.2419E+00 1.3987E+00  7.1638E-01 6.6149E-01 6.9650E-03   897
 4.5000E-02 1.6542E-01 2.7983E+00 1.3702E+00 1.4281E+00  7.0448E-01 6.4832E-01 8.4029E-03   832
 4.5000E-02 1.7864E-01 2.8874E+00 1.4460E+00 1.4415E+00  6.8816E-01 6.3056E-01 7.5320E-03   770
 4.5000E-02 1.9186E-01 3.0425E+00 1.5169E+00 1.5255E+00  6.6412E-01 6.0929E-01 6.8488E-03   712
 4.5000E-02 2.0508E-01 3.2244E+00 1.6127E+00 1.6118E+00  6.3989E-01 5.8901E-01 7.3487E-03   656
 4.5000E-02 2.1831E-01 3.3248E+00 1.6707E+00 1.6541E+00  6.1240E-01 5.6887E-01 1.1337E-02   602
 4.5000E-02 2.3153E-01 3.3121E+00 1.7146E+00 1.5975E+00  5.9117E-01 5.5219E-01 1.6587E-02   604
 4.5000E-02 2.4475E-01 3.2932E+00 1.7508E+00 1.5425E+00  5.7225E-01 5.3514E-01 1.9067E-02   551
 4.5000E-02 2.5797E-01 3.2830E+00 1.7881E+00 1.4949E+00  5.5554E-01 5.1808E-01 1.7960E-02   552
 4.5000E-02 2.7119E-01 3.3226E+00 1.8280E+00 1.4947E+00  5.3655E-01 5.0069E-01 1.5965E-02   499
 4.5000E-02 2.8441E-01 3.3638E+00 1.8703E+00 1.4935E+00  5.1956E-01 4.8464E-01 1.2562E-02   501
 4.5000E-02 2.9763E-01 3.3431E+00 1.9103E+00 1.4329E+00  5.0888E-01 4.7205E-01 7.8617E-03   501
 4.5000E-02 3.1085E-01 3.2933E+00 1.9400E+00 1.3532E+00  4.9774E-01 4.6153E-01 4.8099E-03   452
 4.5000E-02 3.2407E-01 3.2501E+00 1.9638E+00 1.2863E+00  4.8173E-01 4.5150E-01 4.0377E-03   452
 4.5000E-02 3.3729E-01 3.2158E+00 1.9828E+00 1.2331E+00  4.6280E-01 4.4233E-01 4.8389E-03   452
 4.5000E-02 3.5051E-01 3.2048E+00 2.0028E+00 1.2019E+00  4.4084E-01 4.3377E-01 6.8897E-03   453
 4.5000E-02 3.6373E-01 3.2024E+00 2.0205E+00 1.1819E+00  4.1788E-01 4.2627E-01 9.8661E-03   407
 4.5000E-02 3.7695E-01 3.2048E+00 2.0351E+00 1.1697E+00  3.9411E-01 4.1949E-01 1.3604E-02   408
 4.5000E-02 3.9017E-01 3.2082E+00 2.0466E+00 1.1615E+00  3.7009E-01 4.1354E-01 1.7936E-02   408
 4.5000E-02 4.0339E-01 3.2108E+00 2.0546E+00 1.1562E+00  3.4617E-01 4.0831E-01 2.2704E-02   408
 4.5000E-02 4.1661E-01 3.2080E+00 2.0578E+00 1.1502E+00  3.2276E-01 4.0377E-01 2.7708E-02   408
 4.5000E-02 4.2983E-01 3.1910E+00 2.0539E+00 1.1371E+00  3.0064E-01 4.0011E-01 3.2610E-02   363
 4.5000E-02 4.4305E-01 3.1654E+00 2.0455E+00 1.1199E+00  2.7955E-01 3.9686E-01 3.7236E-02   363
 4.5000E-02 4.5627E-01 3.1332E+00 2.0345E+00 1.0987E+00  2.5984E-01 3.9410E-01 4.1387E-02   363
 4.5000E-02 4.6949E-01 3.0945E+00 2.0218E+00 1.0727E+00  2.4170E-01 3.9178E-01 4.4893E-02   363
 4.5000E-02 4.8271E-01 3.0498E+00 2.0077E+00 1.0421E+00  2.2520E-01 3.8984E-01 4.7663E-02   363
 4.5000E-02 4.9593E-01 2.9999E+00 1.9925E+00 1.0074E+00  2.1030E-01 3.8821E-01 4.9667E-02   363
 4.5000E-02 5.0915E-01 2.9458E+00 1.9765E+00 9.6933E-01  1.9690E-01 3.8685E-01 5.0941E-02   363
 4.5000E-02 5.2237E-01 2.8880E+00 1.9594E+00 9.2861E-01  1.8486E-01 3.8573E-01 5.1546E-02   363
 4.5000E-02 5.3559E-01 2.8275E+00 1.9413E+00 8.8620E-01  1.7411E-01 3.8495E-01 5.1578E-02   323
 4.5000E-02 5.4881E-01 2.7668E+00 1.9232E+00 8.4362E-01  1.6419E-01 3.8415E-01 5.1183E-02   323
 4.5000E-02 5.6203E-01 2.7077E+00 1.9058E+00 8.0190E-01  1.5501E-01 3.8345E-01 5.0484E-02   323
 4.5000E-02 5.7525E-01 2.6511E+00 1.8895E+00 7.6157E-01  1.4646E-01 3.8282E-01 4.9564E-02   323
 4.5000E-02 5.8847E-01 2.5937E+00 1.8726E+00 7.2102E-01  1.3866E-01 3.8233E-01 4.8346E-02   323
 4.5000E-02 6.0169E-01 2.5379E+00 1.8558E+00 6.8212E-01  1.3142E-01 3.8190E-01 4.6993E-02   323
 4.5000E-02 6.1492E-01 2.4843E+00 1.8391E+00 6.4516E-01  1.2467E-01 3.8152E-01 4.5557E-02   323
 4.5000E-02 6.2814E-01 2.4332E+00 1.8230E+00 6.1017E-01  1.1836E-01 3.8118E-01 4.4073E-02   323
 4.5000E-02 6.4136E-01 2.3848E+00 1.8076E+00 5.7720E-01  1.1245E-01 3.8088E-01 4.2567E-02   323
 4.5000E-02 6.5458E-01 2.3391E+00 1.7929E+00 5.4622E-01  1.0690E-01 3.8060E-01 4.1060E-02   323
 4.5000E-02 6.6780E-01 2.2972E+00 1.7798E+00 5.1750E-01  1.0165E-01 3.8033E-01 3.9595E-02   323
 4.5000E-02 6.8102E-01 2.2666E+00 1.7730E+00 4.9359E-01  9.6358E-02 3.7993E-01 3.8390E-02   323
 4.5000E-02 6.9424E-01 2.2498E+00 1.7743E+00 4.7549E-01  9.0999E-02 3.7951E-01 3.7541E-02   285
 4.5000E-02 7.0746E-01 2.2287E+00 1.7721E+00 4.5664E-01  8.6151E-02 3.7901E-01 3.6545E-02   285
 4.5000E-02 7.2068E-01 2.2010E+00 1.7648E+00 4.3624E-01  8.1920E-02 3.7866E-01 3.5349E-02   285
 4.5000E-02 7.3390E-01 2.1778E+00 1.7595E+00 4.1835E-01  7.7826E-02 3.7824E-01 3.4285E-02   285
 4.5000E-02 7.4712E-01 2.1590E+00 1.7561E+00 4.0285E-01  7.3855E-02 3.7774E-01 3.3352E-02   285
 4.5000E-02 7.6034E-01 2.1444E+00 1.7547E+00 3.8961E-01  6.9996E-02 3.7714E-01 3.2550E-02   285
 4.5000E-02 7.7356E-01 2.1338E+00 1.7553E+00 3.7853E-01  6.6237E-02 3.7645E-01 3.1875E-02   285
 4.5000E-02 7.8678E-01 2.1491E+00 1.7714E+00 3.7771E-01  6.1778E-02 3.7506E-01 3.1974E-02   285
 4.5000E-02 8.0000E-01 2.1791E+00 1.7952E+00 3.8389E-01  5.7006E-02 3.7313E-01 3.2578E-02   285
